# Madinah mushaf line layout, generated by tools/build_mushaf_lines.py
# page:lineCount:tokensPerLine:reservedRoles
#   tokensPerLine  comma separated, 0 = reserved line
#   reservedRoles  semicolon separated line,role,sura  (b=banner m=basmala)
1:8:0,5,5,7,6,6,4,3:1,b,1:-ccccccc
2:8:0,0,8,7,8,9,6,3:1,b,2;2,m,2:--cccccc
3:15:9,10,8,10,8,9,10,9,10,10,10,10,9,8,8::jjjjjjjjjjjjjjj
4:15:9,10,11,9,9,10,10,9,9,9,10,10,9,10,8::jjjjjjjjjjjjjjj
5:15:8,9,10,8,11,8,8,8,9,11,7,6,9,10,9::jjjjjjjjjjjjjjj
6:15:9,9,10,9,9,11,9,10,9,9,10,10,9,11,12::jjjjjjjjjjjjjjj
7:15:10,10,9,9,8,11,9,8,9,8,8,10,9,12,11::jjjjjjjjjjjjjjj
8:15:8,7,9,9,9,10,8,8,8,10,11,8,7,9,8::jjjjjjjjjjjjjjj
9:15:10,8,7,10,9,7,9,10,11,9,7,9,7,8,9::jjjjjjjjjjjjjjj
10:15:7,9,10,8,10,9,9,9,9,10,10,14,9,11,8::jjjjjjjjjjjjjjj
11:15:13,12,10,9,10,8,10,10,10,11,10,9,9,9,9::jjjjjjjjjjjjjjj
12:15:10,9,8,10,9,9,10,10,7,7,8,9,6,7,7::jjjjjjjjjjjjjjj
13:15:8,8,7,7,7,5,9,9,9,9,8,8,9,7,10::jjjjjjjjjjjjjjj
14:15:10,8,9,8,12,7,11,8,11,7,8,7,7,6,8::jjjjjjjjjjjjjjj
15:15:10,8,9,8,10,10,10,7,8,8,9,8,9,9,8::jjjjjjjjjjjjjjj
16:15:9,6,8,11,8,10,8,10,8,9,8,6,9,9,8::jjjjjjjjjjjjjjj
17:15:12,14,9,9,9,9,8,10,11,8,10,11,7,9,11::jjjjjjjjjjjjjjj
18:15:8,9,10,10,11,9,9,10,10,8,11,9,8,8,9::jjjjjjjjjjjjjjj
19:15:11,10,13,10,9,9,12,11,11,9,9,7,11,12,10::jjjjjjjjjjjjjjj
20:15:9,9,10,9,7,9,10,11,9,10,9,10,7,10,11::jjjjjjjjjjjjjjj
21:15:10,10,9,8,11,11,8,10,9,9,6,10,10,11,9::jjjjjjjjjjjjjjj
22:15:11,10,7,8,10,10,10,9,7,9,10,9,10,8,9::jjjjjjjjjjjjjjj
23:15:8,9,10,9,11,9,10,8,9,8,7,6,8,8,9::jjjjjjjjjjjjjjj
24:15:11,8,7,11,8,10,10,11,10,8,8,10,8,10,11::jjjjjjjjjjjjjjj
25:15:8,11,11,7,8,10,11,10,9,9,10,9,10,9,10::jjjjjjjjjjjjjjj
26:15:13,8,8,12,9,9,8,13,10,8,9,8,6,9,10::jjjjjjjjjjjjjjj
27:15:10,8,8,7,7,8,9,9,10,9,10,7,9,8,13::jjjjjjjjjjjjjjj
28:15:11,10,8,8,10,9,10,7,8,9,9,7,6,9,7::jjjjjjjjjjjjjjj
29:15:9,9,7,10,10,8,9,8,8,8,9,9,7,8,8::jjjjjjjjjjjjjjj
30:15:8,10,10,11,12,8,11,11,10,11,12,13,13,11,10::jjjjjjjjjjjjjjj
31:15:9,10,8,7,7,6,7,8,8,6,7,10,9,8,9::jjjjjjjjjjjjjjj
32:15:9,11,8,9,11,8,11,7,8,7,7,9,8,11,8::jjjjjjjjjjjjjjj
33:15:11,12,8,10,9,8,11,9,11,9,9,10,10,8,11::jjjjjjjjjjjjjjj
34:15:9,11,9,11,8,9,8,8,7,8,8,9,8,8,8::jjjjjjjjjjjjjjj
35:15:9,8,10,8,8,9,9,7,9,9,9,9,7,8,8::jjjjjjjjjjjjjjj
36:15:10,10,11,8,12,10,10,9,9,10,12,11,12,12,10::jjjjjjjjjjjjjjj
37:15:8,8,10,9,11,9,10,10,9,11,9,10,11,10,11::jjjjjjjjjjjjjjj
38:15:7,9,9,10,8,9,8,9,11,10,9,9,10,8,10::jjjjjjjjjjjjjjj
39:15:7,9,8,7,8,9,7,7,9,9,11,7,10,10,7::jjjjjjjjjjjjjjj
40:15:12,10,8,10,8,8,9,9,10,7,8,8,7,7,9::jjjjjjjjjjjjjjj
41:15:8,10,10,8,8,8,9,7,7,6,6,8,6,7,7::jjjjjjjjjjjjjjj
42:15:11,8,9,9,11,10,13,10,12,12,10,8,11,8,10::jjjjjjjjjjjjjjj
43:15:9,6,8,10,10,10,9,10,11,11,11,8,6,7,11::jjjjjjjjjjjjjjj
44:15:10,10,10,10,9,10,9,12,9,9,10,8,9,8,9::jjjjjjjjjjjjjjj
45:15:7,8,8,9,10,9,8,7,8,9,10,6,9,8,9::jjjjjjjjjjjjjjj
46:15:10,8,7,7,9,9,7,9,7,6,6,8,8,7,8::jjjjjjjjjjjjjjj
47:15:9,9,10,11,8,11,7,9,9,12,9,8,9,9,11::jjjjjjjjjjjjjjj
48:15:9,7,8,10,11,8,8,8,10,9,10,7,8,8,8::jjjjjjjjjjjjjjj
49:15:10,9,8,11,10,9,10,9,9,8,10,10,10,11,7::jjjjjjjjjjjjjjj
50:15:0,0,13,10,11,12,10,12,10,10,10,12,12,11,11:1,b,3;2,m,3:--jjjjjjjjjjjjj
51:15:9,10,9,8,8,10,7,9,8,6,6,9,9,8,7::jjjjjjjjjjjjjjj
52:15:9,6,5,11,10,9,9,10,9,8,9,7,6,7,8::jjjjjjjjjjjjjjj
53:15:11,10,10,9,10,9,10,12,10,10,9,11,9,12,10::jjjjjjjjjjjjjjj
54:15:11,10,11,9,11,10,10,11,12,10,9,8,9,10,13::jjjjjjjjjjjjjjj
55:15:11,9,10,9,10,11,10,8,7,8,9,9,9,9,10::jjjjjjjjjjjjjjj
56:15:8,11,13,6,10,9,7,9,11,8,8,9,9,9,8::jjjjjjjjjjjjjjj
57:15:8,7,9,8,9,9,8,8,8,9,11,12,12,6,8::jjjjjjjjjjjjjjj
58:15:13,10,9,11,10,7,9,8,11,11,10,9,9,8,8::jjjjjjjjjjjjjjj
59:15:8,9,9,11,11,12,9,10,11,11,8,11,9,10,8::jjjjjjjjjjjjjjj
60:15:7,8,12,10,9,9,9,9,9,8,8,9,8,9,6::jjjjjjjjjjjjjjj
61:15:10,6,9,9,10,8,9,8,8,10,10,9,9,9,11::jjjjjjjjjjjjjjj
62:15:11,11,11,8,10,10,11,9,10,11,10,10,10,9,10::jjjjjjjjjjjjjjj
63:15:8,10,11,8,10,9,9,9,8,9,9,8,9,10,10::jjjjjjjjjjjjjjj
64:15:11,8,7,7,7,9,12,8,8,10,10,7,6,8,8::jjjjjjjjjjjjjjj
65:15:9,10,10,8,8,9,10,10,8,9,11,8,8,10,8::jjjjjjjjjjjjjjj
66:15:9,9,9,9,9,8,11,10,10,10,11,9,8,8,7::jjjjjjjjjjjjjjj
67:15:8,7,6,8,8,9,8,8,10,8,8,9,9,8,9::jjjjjjjjjjjjjjj
68:15:8,9,9,10,11,9,8,10,9,9,11,9,11,8,9::jjjjjjjjjjjjjjj
69:15:7,6,8,8,8,6,7,8,7,7,8,8,5,7,8::jjjjjjjjjjjjjjj
70:15:10,8,10,12,13,9,9,9,8,11,9,12,10,10,10::jjjjjjjjjjjjjjj
71:15:11,11,9,11,10,10,11,10,10,10,11,6,9,9,12::jjjjjjjjjjjjjjj
72:15:9,11,9,8,10,9,10,10,9,10,11,9,9,10,8::jjjjjjjjjjjjjjj
73:15:9,10,9,10,11,9,10,10,11,11,11,9,10,11,9::jjjjjjjjjjjjjjj
74:15:11,8,8,9,9,9,8,9,8,7,9,8,6,7,9::jjjjjjjjjjjjjjj
75:15:9,8,9,10,9,10,7,8,7,10,10,9,9,9,11::jjjjjjjjjjjjjjj
76:15:10,9,8,7,10,10,9,9,12,9,9,8,7,7,0:15,b,4:jjjjjjjjjjjjjj-
77:15:0,11,10,11,10,11,12,11,11,11,10,10,10,8,9:1,m,4:-jjjjjjjjjjjjjj
78:15:8,10,8,7,9,8,9,7,9,10,9,12,10,10,10::jjjjjjjjjjjjjjj
79:15:9,9,8,9,8,9,10,8,9,10,8,6,6,7,7::jjjjjjjjjjjjjjj
80:15:6,7,9,7,8,9,9,7,7,9,8,10,8,6,9::jjjjjjjjjjjjjjj
81:15:7,7,8,6,8,9,6,5,6,5,6,8,6,6,10::jjjjjjjjjjjjjjj
82:15:8,10,7,7,10,9,7,7,6,6,8,8,9,8,8::jjjjjjjjjjjjjjj
83:15:8,10,7,8,8,10,8,9,6,10,7,9,8,5,9::jjjjjjjjjjjjjjj
84:15:8,7,8,5,7,9,9,10,9,6,6,10,7,6,7::jjjjjjjjjjjjjjj
85:15:7,10,10,12,9,10,9,9,9,10,11,10,7,12,8::jjjjjjjjjjjjjjj
86:15:10,8,8,10,10,10,9,10,13,10,12,10,11,6,9::jjjjjjjjjjjjjjj
87:15:12,12,10,8,11,10,8,8,9,10,10,13,10,12,9::jjjjjjjjjjjjjjj
88:15:10,9,9,10,7,7,9,8,8,9,8,6,9,8,8::jjjjjjjjjjjjjjj
89:15:10,11,10,8,10,6,8,8,10,12,9,9,9,7,10::jjjjjjjjjjjjjjj
90:15:10,9,11,10,9,12,10,11,11,10,10,10,13,12,10::jjjjjjjjjjjjjjj
91:15:10,8,9,10,11,9,10,8,8,10,10,9,10,11,12::jjjjjjjjjjjjjjj
92:15:12,11,9,12,9,9,9,10,9,8,10,8,11,6,8::jjjjjjjjjjjjjjj
93:15:10,8,10,7,7,8,7,7,6,9,10,7,7,7,8::jjjjjjjjjjjjjjj
94:15:9,9,10,9,10,10,10,8,9,11,12,11,12,11,11::jjjjjjjjjjjjjjj
95:15:8,7,7,7,7,9,9,9,8,7,8,9,10,9,9::jjjjjjjjjjjjjjj
96:15:10,10,8,12,8,9,9,10,9,10,11,8,8,7,10::jjjjjjjjjjjjjjj
97:15:11,9,9,10,8,12,10,9,8,7,5,7,8,8,8::jjjjjjjjjjjjjjj
98:15:5,9,10,9,11,9,8,9,10,9,8,9,9,6,11::jjjjjjjjjjjjjjj
99:15:10,8,8,8,8,7,9,10,9,10,11,11,8,11,9::jjjjjjjjjjjjjjj
100:15:9,9,11,11,8,9,8,10,12,10,7,11,11,10,9::jjjjjjjjjjjjjjj
101:15:11,9,8,9,9,9,11,11,8,9,10,7,8,8,8::jjjjjjjjjjjjjjj
102:15:12,12,10,8,6,9,8,9,8,10,9,9,9,9,11::jjjjjjjjjjjjjjj
103:15:8,10,9,10,11,13,12,11,9,9,10,8,10,7,9::jjjjjjjjjjjjjjj
104:15:11,6,6,8,9,7,10,9,8,9,11,9,10,9,11::jjjjjjjjjjjjjjj
105:15:8,10,9,10,10,9,8,6,8,7,6,11,10,7,9::jjjjjjjjjjjjjjj
106:15:9,11,12,9,10,0,0,8,12,11,10,9,8,9,10:6,b,5;7,m,5:jjjjj--jjjjjjjj
107:15:10,7,10,9,8,9,9,10,10,11,10,8,9,8,10::jjjjjjjjjjjjjjj
108:15:8,6,7,12,9,7,7,6,7,11,8,7,9,9,7::jjjjjjjjjjjjjjj
109:15:6,7,9,8,8,8,7,6,5,8,8,6,7,11,8::jjjjjjjjjjjjjjj
110:15:7,8,7,6,7,6,7,8,6,6,9,10,8,6,11::jjjjjjjjjjjjjjj
111:15:8,10,8,9,11,11,9,9,10,10,9,9,8,8,9::jjjjjjjjjjjjjjj
112:15:10,9,10,8,8,11,9,11,10,10,8,9,9,9,8::jjjjjjjjjjjjjjj
113:15:10,9,7,8,8,8,8,8,9,10,8,8,8,10,10::jjjjjjjjjjjjjjj
114:15:9,7,10,10,12,8,9,8,8,5,8,9,10,10,8::jjjjjjjjjjjjjjj
115:15:6,9,7,8,9,8,8,7,7,9,9,7,6,8,9::jjjjjjjjjjjjjjj
116:15:11,9,8,11,8,8,9,9,10,7,10,9,13,9,10::jjjjjjjjjjjjjjj
117:15:10,12,9,12,10,9,8,12,9,12,11,10,11,11,11::jjjjjjjjjjjjjjj
118:15:10,12,13,12,9,10,12,9,9,9,10,10,11,10,9::jjjjjjjjjjjjjjj
119:15:8,8,9,9,11,10,11,8,10,10,8,9,9,8,8::jjjjjjjjjjjjjjj
120:15:9,9,9,8,11,8,10,10,8,7,10,6,8,9,10::jjjjjjjjjjjjjjj
121:15:9,9,8,8,8,7,7,8,9,8,7,9,6,8,6::jjjjjjjjjjjjjjj
122:15:10,10,11,9,10,7,8,11,10,10,8,8,10,8,9::jjjjjjjjjjjjjjj
123:15:9,9,9,11,9,9,9,10,10,10,11,12,11,11,11::jjjjjjjjjjjjjjj
124:15:9,10,8,8,12,10,11,9,8,8,11,11,9,12,10::jjjjjjjjjjjjjjj
125:15:11,10,9,10,9,9,11,7,12,12,8,7,10,12,10::jjjjjjjjjjjjjjj
126:15:11,12,8,8,6,9,7,8,10,9,9,8,10,9,9::jjjjjjjjjjjjjjj
127:15:11,9,11,10,10,11,13,12,12,10,11,12,9,12,12::jjjjjjjjjjjjjjj
128:15:0,0,8,9,11,10,10,10,11,12,8,9,10,12,11:1,b,6;2,m,6:--jjjjjjjjjjjjj
129:15:8,8,8,9,10,8,9,11,11,11,9,10,9,12,10::jjjjjjjjjjjjjjj
130:15:13,10,13,8,10,12,10,12,11,11,11,12,10,12,11::jjjjjjjjjjjjjjj
131:15:14,11,11,10,11,10,11,9,10,8,11,9,10,11,9::jjjjjjjjjjjjjjj
132:15:10,12,11,11,11,10,9,10,10,10,9,9,8,9,11::jjjjjjjjjjjjjjj
133:15:10,10,10,10,10,8,10,10,11,11,9,11,9,10,8::jjjjjjjjjjjjjjj
134:15:8,9,8,9,10,7,13,9,11,10,10,7,11,10,12::jjjjjjjjjjjjjjj
135:15:9,8,10,9,11,11,10,11,12,11,9,11,10,10,9::jjjjjjjjjjjjjjj
136:15:9,7,8,11,10,9,10,12,8,10,8,8,7,9,7::jjjjjjjjjjjjjjj
137:15:10,9,7,12,10,11,10,10,7,9,10,11,7,9,9::jjjjjjjjjjjjjjj
138:15:9,8,10,7,8,7,8,7,7,9,11,8,11,9,9::jjjjjjjjjjjjjjj
139:15:14,11,9,11,9,9,10,13,11,6,10,8,9,9,9::jjjjjjjjjjjjjjj
140:15:11,10,8,9,10,9,9,10,9,8,11,9,9,9,12::jjjjjjjjjjjjjjj
141:15:10,9,8,10,8,7,12,10,9,11,10,9,11,9,9::jjjjjjjjjjjjjjj
142:15:9,12,8,8,10,8,8,8,9,9,9,10,11,9,11::jjjjjjjjjjjjjjj
143:15:11,11,9,8,10,9,7,10,9,8,8,8,12,7,9::jjjjjjjjjjjjjjj
144:15:10,8,8,9,10,9,8,9,12,9,9,7,9,8,10::jjjjjjjjjjjjjjj
145:15:8,8,7,8,8,7,9,8,7,7,7,6,5,5,9::jjjjjjjjjjjjjjj
146:15:9,8,8,8,7,7,8,10,9,7,6,9,8,7,10::jjjjjjjjjjjjjjj
147:15:8,8,8,8,8,8,9,11,11,10,12,8,8,9,8::jjjjjjjjjjjjjjj
148:15:9,8,11,8,10,10,9,9,8,9,9,7,7,9,10::jjjjjjjjjjjjjjj
149:15:11,8,9,8,8,8,9,8,8,9,9,11,8,9,9::jjjjjjjjjjjjjjj
150:15:11,12,12,10,12,10,12,11,9,11,13,12,9,8,11::jjjjjjjjjjjjjjj
151:15:0,0,11,9,11,10,12,7,9,8,8,8,10,8,9:1,b,7;2,m,7:--jjjjjjjjjjjjj
152:15:14,12,11,11,10,10,10,10,10,10,12,9,9,9,11::jjjjjjjjjjjjjjj
153:15:11,9,10,10,9,9,9,10,10,11,11,8,9,8,8::jjjjjjjjjjjjjjj
154:15:10,12,10,9,12,12,12,9,10,10,8,12,9,10,10::jjjjjjjjjjjjjjj
155:15:11,11,8,11,9,9,10,9,9,7,8,11,10,12,9::jjjjjjjjjjjjjjj
156:15:12,12,11,9,10,10,12,9,9,10,9,11,7,7,8::jjjjjjjjjjjjjjj
157:15:9,10,11,11,9,9,10,8,9,9,8,8,9,11,7::jjjjjjjjjjjjjjj
158:15:10,8,11,10,11,9,9,11,8,8,10,12,10,8,9::jjjjjjjjjjjjjjj
159:15:9,9,9,8,9,9,9,6,10,7,8,9,9,8,10::jjjjjjjjjjjjjjj
160:15:8,7,9,7,7,10,7,8,10,7,8,8,9,9,9::jjjjjjjjjjjjjjj
161:15:9,7,8,7,8,9,6,7,7,7,8,6,8,8,9::jjjjjjjjjjjjjjj
162:15:9,11,12,14,12,10,10,8,10,9,7,11,8,9,9::jjjjjjjjjjjjjjj
163:15:9,8,9,9,9,9,9,8,9,8,9,7,10,8,9::jjjjjjjjjjjjjjj
164:15:11,11,10,11,10,10,9,9,10,10,9,7,11,10,8::jjjjjjjjjjjjjjj
165:15:10,11,9,8,12,10,10,8,8,8,8,11,6,8,7::jjjjjjjjjjjjjjj
166:15:9,10,10,9,7,8,10,8,8,9,9,6,8,9,7::jjjjjjjjjjjjjjj
167:15:9,10,12,9,7,7,7,8,8,9,8,11,9,9,8::jjjjjjjjjjjjjjj
168:15:8,8,9,8,8,10,10,8,8,8,9,11,7,10,7::jjjjjjjjjjjjjjj
169:15:10,9,10,9,9,8,9,8,10,9,9,8,11,11,11::jjjjjjjjjjjjjjj
170:15:10,9,7,8,7,6,7,7,7,9,8,10,8,5,9::jjjjjjjjjjjjjjj
171:15:8,7,9,7,7,7,8,7,5,9,7,7,8,7,8::jjjjjjjjjjjjjjj
172:15:11,9,10,8,12,10,8,8,6,8,9,10,12,8,9::jjjjjjjjjjjjjjj
173:15:11,10,10,10,11,10,7,9,8,9,8,8,8,9,8::jjjjjjjjjjjjjjj
174:15:9,12,10,9,9,8,9,10,10,12,10,10,13,10,12::jjjjjjjjjjjjjjj
175:15:13,9,11,9,9,9,9,11,9,9,10,6,10,10,10::jjjjjjjjjjjjjjj
176:15:10,8,9,10,8,9,8,9,10,12,8,8,9,10,8::jjjjjjjjjjjjjjj
177:15:0,0,9,8,9,9,7,9,8,9,11,8,8,9,9:1,b,8;2,m,8:--jjjjjjjjjjjjj
178:15:8,9,11,9,9,8,10,8,8,9,7,9,9,10,8::jjjjjjjjjjjjjjj
179:15:9,8,10,7,11,10,9,8,11,10,8,8,9,8,8::jjjjjjjjjjjjjjj
180:15:8,7,8,8,8,9,8,10,8,9,11,9,9,9,9::jjjjjjjjjjjjjjj
181:15:9,8,8,7,8,8,8,8,7,8,10,7,8,9,9::jjjjjjjjjjjjjjj
182:15:10,7,9,10,7,7,8,10,9,7,9,7,9,9,7::jjjjjjjjjjjjjjj
183:15:8,9,7,11,8,8,11,9,8,9,8,7,9,9,9::jjjjjjjjjjjjjjj
184:15:12,9,8,8,11,9,10,8,11,10,9,8,10,10,11::jjjjjjjjjjjjjjj
185:15:10,8,9,10,9,8,9,9,10,9,11,9,10,10,10::jjjjjjjjjjjjjjj
186:15:11,10,9,11,7,9,11,9,9,9,7,9,10,8,12::jjjjjjjjjjjjjjj
187:15:0,10,9,10,10,9,9,9,9,10,6,8,9,8,11:1,b,9:-jjjjjjjjjjjjjj
188:15:7,8,8,9,7,8,10,9,7,9,8,8,7,6,9::jjjjjjjjjjjjjjj
189:15:6,7,10,10,10,9,8,8,9,9,9,9,12,9,10::jjjjjjjjjjjjjjj
190:15:8,10,8,7,9,6,6,7,10,8,7,6,10,8,7::jjjjjjjjjjjjjjj
191:15:11,7,8,9,8,10,9,8,8,6,7,6,7,7,8::jjjjjjjjjjjjjjj
192:15:9,9,8,8,7,7,6,9,8,8,9,8,9,5,8::jjjjjjjjjjjjjjj
193:15:9,9,9,7,11,7,9,7,8,9,9,8,7,5,8::jjjjjjjjjjjjjjj
194:15:6,10,9,7,8,10,7,7,8,8,8,8,8,7,8::jjjjjjjjjjjjjjj
195:15:9,8,10,5,7,8,9,8,9,8,8,9,9,8,9::jjjjjjjjjjjjjjj
196:15:9,9,8,8,10,11,9,8,9,6,8,8,9,7,10::jjjjjjjjjjjjjjj
197:15:7,9,10,6,10,8,8,8,9,6,6,7,7,6,9::jjjjjjjjjjjjjjj
198:15:8,6,7,7,7,9,5,7,7,7,6,9,8,8,9::jjjjjjjjjjjjjjj
199:15:7,7,9,11,10,10,11,8,9,10,9,8,6,7,10::jjjjjjjjjjjjjjj
200:15:11,9,8,8,12,10,10,9,9,12,9,10,9,9,9::jjjjjjjjjjjjjjj
201:15:9,8,6,9,10,8,8,10,9,9,10,8,10,7,10::jjjjjjjjjjjjjjj
202:15:9,8,8,7,8,8,7,9,8,11,9,8,7,10,10::jjjjjjjjjjjjjjj
203:15:6,8,8,8,9,8,8,12,9,10,10,10,7,8,10::jjjjjjjjjjjjjjj
204:15:7,8,9,11,10,7,10,12,9,10,8,8,7,7,9::jjjjjjjjjjjjjjj
205:15:4,4,6,9,8,9,8,12,10,12,9,11,6,9,9::jjjjjjjjjjjjjjj
206:15:9,9,12,9,8,10,9,9,9,10,8,9,8,10,8::jjjjjjjjjjjjjjj
207:15:8,9,10,8,8,8,9,9,9,9,7,6,10,9,0:15,b,10:jjjjjjjjjjjjjj-
208:15:0,9,11,10,10,12,9,9,9,8,9,8,9,10,8:1,m,10:-jjjjjjjjjjjjjj
209:15:9,9,8,7,9,9,9,7,9,10,11,8,9,8,9::jjjjjjjjjjjjjjj
210:15:9,11,12,11,9,9,9,8,8,11,9,7,8,10,8::jjjjjjjjjjjjjjj
211:15:12,10,12,9,10,10,10,9,9,10,10,7,10,8,11::jjjjjjjjjjjjjjj
212:15:9,10,10,10,9,9,10,9,10,10,9,10,10,9,10::jjjjjjjjjjjjjjj
213:15:12,12,12,12,14,12,10,11,11,11,9,11,9,11,10::jjjjjjjjjjjjjjj
214:15:9,10,10,11,11,10,9,10,14,10,11,12,9,9,11::jjjjjjjjjjjjjjj
215:15:11,8,12,11,8,9,10,10,11,9,10,12,10,12,12::jjjjjjjjjjjjjjj
216:15:10,8,9,9,10,9,8,10,8,8,10,9,10,10,7::jjjjjjjjjjjjjjj
217:15:13,8,10,11,10,8,9,10,12,9,8,11,10,9,10::jjjjjjjjjjjjjjj
218:15:10,11,12,9,10,9,11,11,9,9,8,7,9,9,10::jjjjjjjjjjjjjjj
219:15:8,9,8,12,9,8,10,9,11,12,8,10,8,9,10::jjjjjjjjjjjjjjj
220:15:10,9,11,9,9,10,10,9,9,8,13,10,10,10,12::jjjjjjjjjjjjjjj
221:15:10,11,9,9,10,11,0,0,11,12,11,11,13,8,10:7,b,11;8,m,11:jjjjjj--jjjjjjj
222:15:12,9,7,8,8,11,9,9,9,8,9,8,9,11,11::jjjjjjjjjjjjjjj
223:15:9,10,11,10,10,10,10,10,9,11,9,8,8,9,10::jjjjjjjjjjjjjjj
224:15:10,10,8,10,9,7,8,8,11,11,11,9,10,12,9::jjjjjjjjjjjjjjj
225:15:11,9,10,10,10,12,8,10,12,12,8,10,12,9,9::jjjjjjjjjjjjjjj
226:15:9,11,9,11,10,11,11,9,10,10,11,8,9,10,10::jjjjjjjjjjjjjjj
227:15:12,12,13,9,9,9,11,10,10,10,10,8,8,9,9::jjjjjjjjjjjjjjj
228:15:11,9,12,11,10,12,10,10,10,12,11,12,10,11,12::jjjjjjjjjjjjjjj
229:15:10,10,9,9,8,9,8,10,7,12,8,11,9,11,8::jjjjjjjjjjjjjjj
230:15:10,10,10,10,11,11,10,10,9,10,14,14,10,10,9::jjjjjjjjjjjjjjj
231:15:8,8,10,10,7,8,6,8,10,7,11,9,12,9,11::jjjjjjjjjjjjjjj
232:15:9,12,9,10,9,9,8,8,8,8,9,8,12,8,9::jjjjjjjjjjjjjjj
233:15:8,9,9,8,9,12,10,11,10,10,10,10,11,11,10::jjjjjjjjjjjjjjj
234:15:12,9,8,10,10,10,10,10,9,8,10,10,9,9,7::jjjjjjjjjjjjjjj
235:15:10,10,9,11,9,9,9,9,0,0,10,8,9,10,9:9,b,12;10,m,12:jjjjjjjj--jjjjj
236:15:10,8,8,11,11,9,11,10,10,9,12,9,9,9,8::jjjjjjjjjjjjjjj
237:15:10,9,9,8,9,10,9,9,8,8,8,9,8,9,8::jjjjjjjjjjjjjjj
238:15:9,10,10,9,7,9,12,10,10,10,11,9,7,10,11::jjjjjjjjjjjjjjj
239:15:9,10,12,10,9,10,10,10,11,9,10,10,9,10,10::jjjjjjjjjjjjjjj
240:15:8,12,8,8,9,11,10,8,8,10,8,8,9,7,10::jjjjjjjjjjjjjjj
241:15:9,10,9,7,10,10,12,13,10,11,10,10,10,10,12::jjjjjjjjjjjjjjj
242:15:11,11,11,9,9,9,9,9,10,12,10,9,8,10,8::jjjjjjjjjjjjjjj
243:15:10,10,7,9,10,10,12,11,11,8,9,11,9,9,9::jjjjjjjjjjjjjjj
244:15:9,9,8,11,10,10,9,9,9,11,10,10,10,10,8::jjjjjjjjjjjjjjj
245:15:11,8,9,11,12,9,9,10,9,10,8,8,8,9,10::jjjjjjjjjjjjjjj
246:15:8,12,10,8,10,8,10,10,8,8,8,9,6,9,9::jjjjjjjjjjjjjjj
247:15:10,12,10,9,9,10,11,11,11,11,9,8,8,10,8::jjjjjjjjjjjjjjj
248:15:11,8,9,10,10,10,10,10,8,9,8,10,10,7,8::jjjjjjjjjjjjjjj
249:15:0,0,10,11,10,9,10,10,10,8,9,9,11,7,9:1,b,13;2,m,13:--jjjjjjjjjjjjj
250:15:7,9,9,11,10,9,8,9,10,13,13,8,7,7,10::jjjjjjjjjjjjjjj
251:15:12,12,11,9,11,11,10,12,9,12,10,10,8,11,9::jjjjjjjjjjjjjjj
252:15:14,10,11,9,8,10,8,12,10,11,11,11,12,10,9::jjjjjjjjjjjjjjj
253:15:7,11,8,12,12,10,11,11,11,9,11,12,10,13,11::jjjjjjjjjjjjjjj
254:15:10,8,7,11,11,9,13,10,11,9,10,10,9,10,11::jjjjjjjjjjjjjjj
255:15:8,8,0,0,8,9,10,7,8,9,9,8,7,7,9:3,b,14;4,m,14:jj--jjjjjjjjjjj
256:15:8,8,5,8,7,11,10,8,8,9,11,8,7,10,8::jjjjjjjjjjjjjjj
257:15:10,11,8,10,8,7,9,6,8,9,8,9,8,10,9::jjjjjjjjjjjjjjj
258:15:10,10,8,11,9,10,9,10,8,7,8,7,9,11,8::jjjjjjjjjjjjjjj
259:15:9,7,10,9,7,13,8,9,9,8,14,7,9,9,8::jjjjjjjjjjjjjjj
260:15:9,8,9,10,10,11,8,8,13,11,9,8,9,8,8::jjjjjjjjjjjjjjj
261:15:8,9,9,8,8,7,8,7,10,9,8,8,9,9,10::jjjjjjjjjjjjjjj
262:15:0,0,9,8,8,11,9,9,10,11,11,9,10,10,10:1,b,15;2,m,15:--jjjjjjjjjjjjj
263:15:8,10,8,11,11,9,9,9,8,11,12,10,10,8,10::jjjjjjjjjjjjjjj
264:15:12,10,10,11,11,8,9,10,9,10,9,10,10,10,9::jjjjjjjjjjjjjjj
265:15:11,11,8,10,9,11,9,9,10,8,10,9,8,10,10::jjjjjjjjjjjjjjj
266:15:11,8,10,10,9,9,8,9,10,9,9,9,11,9,9::jjjjjjjjjjjjjjj
267:15:7,10,8,10,10,9,0,0,9,11,11,7,9,7,9:7,b,16;8,m,16:jjjjjj--jjjjjjj
268:15:9,8,8,9,10,8,7,8,7,8,9,8,7,7,6::jjjjjjjjjjjjjjj
269:15:9,7,10,10,9,11,9,8,11,10,7,9,9,8,9::jjjjjjjjjjjjjjj
270:15:8,9,8,10,10,8,10,9,10,9,8,9,11,7,10::jjjjjjjjjjjjjjj
271:15:11,11,10,10,8,8,8,11,10,9,9,10,12,9,8::jjjjjjjjjjjjjjj
272:15:10,10,8,10,10,11,12,9,11,9,10,12,11,11,10::jjjjjjjjjjjjjjj
273:15:8,10,9,10,12,12,9,12,9,8,9,11,9,10,8::jjjjjjjjjjjjjjj
274:15:13,11,11,8,12,12,10,11,11,13,10,9,9,8,8::jjjjjjjjjjjjjjj
275:15:11,9,12,10,9,9,9,10,9,8,11,8,6,9,11::jjjjjjjjjjjjjjj
276:15:10,7,8,9,7,7,8,8,8,9,11,7,9,7,10::jjjjjjjjjjjjjjj
277:15:9,9,9,8,9,7,5,9,8,9,8,10,11,9,9::jjjjjjjjjjjjjjj
278:15:9,9,11,10,9,9,8,9,10,8,8,8,10,9,6::jjjjjjjjjjjjjjj
279:15:8,7,10,9,7,10,8,8,7,8,7,8,7,8,8::jjjjjjjjjjjjjjj
280:15:10,10,7,9,7,7,8,8,8,11,9,9,11,11,9::jjjjjjjjjjjjjjj
281:15:10,10,11,8,10,11,8,9,9,8,10,9,9,9,10::jjjjjjjjjjjjjjj
282:15:0,0,8,10,8,9,10,9,10,9,9,7,9,6,9:1,b,17;2,m,17:--jjjjjjjjjjjjj
283:15:10,10,9,10,9,9,8,8,10,10,10,11,11,9,11::jjjjjjjjjjjjjjj
284:15:12,9,8,9,10,8,11,10,9,9,10,10,9,9,8::jjjjjjjjjjjjjjj
285:15:11,10,10,11,9,10,11,9,11,10,9,12,10,11,11::jjjjjjjjjjjjjjj
286:15:12,9,10,11,13,11,11,10,9,10,11,12,10,9,10::jjjjjjjjjjjjjjj
287:15:12,9,9,7,11,9,12,8,10,11,9,8,9,9,10::jjjjjjjjjjjjjjj
288:15:10,9,11,9,9,8,10,8,10,8,7,8,9,8,10::jjjjjjjjjjjjjjj
289:15:12,10,11,10,10,11,8,9,7,9,10,8,9,8,10::jjjjjjjjjjjjjjj
290:15:7,10,10,9,9,11,9,9,11,9,11,11,10,10,11::jjjjjjjjjjjjjjj
291:15:11,10,10,11,11,10,9,9,12,10,12,12,7,8,9::jjjjjjjjjjjjjjj
292:15:11,9,8,9,11,9,11,10,9,10,10,8,8,10,10::jjjjjjjjjjjjjjj
293:15:10,10,14,10,8,12,9,13,13,0,0,12,9,8,10:10,b,18;11,m,18:jjjjjjjjj--jjjj
294:15:11,9,10,10,10,9,11,10,9,10,8,9,11,8,10::jjjjjjjjjjjjjjj
295:15:9,10,10,9,11,9,8,8,7,9,10,8,7,8,9::jjjjjjjjjjjjjjj
296:15:9,9,10,7,7,8,11,9,11,11,9,10,11,10,10::jjjjjjjjjjjjjjj
297:15:8,9,11,11,9,8,8,10,11,9,10,9,10,11,10::jjjjjjjjjjjjjjj
298:15:11,10,10,11,12,13,11,8,11,11,12,11,12,9,11::jjjjjjjjjjjjjjj
299:15:7,11,9,11,9,8,10,10,11,8,9,9,8,9,9::jjjjjjjjjjjjjjj
300:15:10,10,9,9,7,10,11,10,10,9,10,7,9,9,10::jjjjjjjjjjjjjjj
301:15:10,11,9,12,9,11,11,13,11,11,10,11,11,11,11::jjjjjjjjjjjjjjj
302:15:13,11,10,9,11,10,9,10,8,10,9,10,8,11,9::jjjjjjjjjjjjjjj
303:15:13,11,12,13,11,12,12,12,11,11,12,12,11,11,10::jjjjjjjjjjjjjjj
304:15:14,12,9,10,10,11,11,9,11,11,9,13,13,13,11::jjjjjjjjjjjjjjj
305:15:0,0,8,11,8,8,10,8,11,9,9,11,10,9,9:1,b,19;2,m,19:--jjjjjjjjjjjjj
306:15:8,10,10,10,9,10,11,10,10,9,8,9,9,11,9::jjjjjjjjjjjjjjj
307:15:10,9,9,11,11,10,9,9,9,10,12,13,8,11,10::jjjjjjjjjjjjjjj
308:15:12,11,12,13,11,10,10,9,9,10,9,10,11,10,11::jjjjjjjjjjjjjjj
309:15:11,11,10,10,11,12,10,10,8,10,10,12,11,13,11::jjjjjjjjjjjjjjj
310:15:8,11,10,8,9,11,12,9,11,10,11,12,9,8,9::jjjjjjjjjjjjjjj
311:15:8,10,10,10,8,10,11,9,11,9,8,10,12,9,9::jjjjjjjjjjjjjjj
312:15:7,8,9,12,0,0,10,10,11,10,12,10,10,11,10:5,b,20;6,m,20:jjjj--jjjjjjjjj
313:15:13,8,10,11,8,11,10,8,11,11,12,12,12,12,10::jjjjjjjjjjjjjjj
314:15:12,11,10,11,10,11,9,13,12,11,10,11,11,11,12::jjjjjjjjjjjjjjj
315:15:12,10,11,11,9,9,8,10,10,10,9,9,9,8,10::jjjjjjjjjjjjjjj
316:15:13,11,11,12,11,12,8,8,12,10,11,12,13,9,11::jjjjjjjjjjjjjjj
317:15:10,11,10,10,9,10,11,10,10,11,9,8,10,9,9::jjjjjjjjjjjjjjj
318:15:9,11,12,9,11,11,10,10,9,9,7,11,9,9,12::jjjjjjjjjjjjjjj
319:15:12,10,11,8,12,10,9,10,10,12,11,10,10,9,11::jjjjjjjjjjjjjjj
320:15:10,10,12,7,10,12,9,9,9,10,10,8,11,8,11::jjjjjjjjjjjjjjj
321:15:10,10,11,11,10,10,10,11,10,9,12,9,9,9,8::jjjjjjjjjjjjjjj
322:15:0,0,8,10,8,8,9,9,9,9,10,9,9,7,9:1,b,21;2,m,21:--jjjjjjjjjjjjj
323:15:9,10,9,11,8,11,10,10,10,8,10,12,11,11,11::jjjjjjjjjjjjjjj
324:15:12,9,8,9,9,11,9,7,11,9,8,9,11,9,8::jjjjjjjjjjjjjjj
325:15:8,7,8,8,9,9,8,8,10,8,9,8,9,9,7::jjjjjjjjjjjjjjj
326:15:9,9,8,9,9,8,8,9,10,11,10,10,12,8,9::jjjjjjjjjjjjjjj
327:15:8,10,11,9,8,8,9,8,9,10,8,10,7,9,8::jjjjjjjjjjjjjjj
328:15:7,7,8,9,8,9,8,8,9,8,7,8,7,9,10::jjjjjjjjjjjjjjj
329:15:7,9,9,9,8,7,7,11,10,7,7,10,7,7,7::jjjjjjjjjjjjjjj
330:15:7,7,7,7,8,8,8,8,8,10,7,9,8,10,8::jjjjjjjjjjjjjjj
331:15:8,7,6,8,9,10,8,8,9,8,10,8,11,10,0:15,b,22:jjjjjjjjjjjjjj-
332:15:0,8,8,8,8,11,10,10,11,10,10,7,9,9,9:1,m,22:-jjjjjjjjjjjjjj
333:15:13,12,12,12,9,11,12,9,10,10,9,8,12,11,10::jjjjjjjjjjjjjjj
334:15:9,8,7,13,10,7,11,10,10,10,9,10,8,8,8::jjjjjjjjjjjjjjj
335:15:9,9,8,10,9,6,9,9,8,9,7,7,9,7,7::jjjjjjjjjjjjjjj
336:15:11,10,10,11,8,10,10,8,8,11,8,10,8,10,12::jjjjjjjjjjjjjjj
337:15:9,10,10,8,8,9,7,8,11,7,8,7,9,10,10::jjjjjjjjjjjjjjj
338:15:8,9,9,11,8,8,12,9,9,9,8,9,10,10,9::jjjjjjjjjjjjjjj
339:15:7,8,7,9,8,6,9,10,9,9,10,9,10,10,9::jjjjjjjjjjjjjjj
340:15:13,10,8,8,8,10,10,8,11,11,13,10,6,8,9::jjjjjjjjjjjjjjj
341:15:8,10,8,9,8,9,10,6,6,9,10,9,8,9,0:15,b,23:jjjjjjjjjjjjjj-
342:15:0,10,9,9,9,10,8,8,9,12,7,8,10,9,10:1,m,23:-jjjjjjjjjjjjjj
343:15:11,10,10,10,10,9,12,12,11,11,11,9,9,9,9::jjjjjjjjjjjjjjj
344:15:12,11,12,11,13,9,11,9,10,11,11,11,10,7,9::jjjjjjjjjjjjjjj
345:15:12,10,10,8,9,8,9,10,10,10,10,10,13,11,10::jjjjjjjjjjjjjjj
346:15:11,10,11,13,10,12,8,12,10,10,8,8,9,10,9::jjjjjjjjjjjjjjj
347:15:11,8,11,11,10,9,10,9,11,10,8,9,10,9,9::jjjjjjjjjjjjjjj
348:15:11,12,9,8,10,10,10,10,11,10,11,9,8,8,9::jjjjjjjjjjjjjjj
349:15:10,9,10,10,9,8,10,12,11,8,11,10,12,10,0:15,b,24:jjjjjjjjjjjjjj-
350:15:0,9,11,12,11,11,10,10,12,11,9,11,10,11,10:1,m,24:-jjjjjjjjjjjjjj
351:15:12,11,11,9,9,10,11,10,10,11,11,10,10,10,9::jjjjjjjjjjjjjjj
352:15:10,8,12,11,8,10,9,9,9,11,6,6,9,8,9::jjjjjjjjjjjjjjj
353:15:11,10,10,10,7,11,7,9,8,7,10,10,9,9,8::jjjjjjjjjjjjjjj
354:15:8,10,10,8,10,10,10,10,9,9,9,11,11,12,9::jjjjjjjjjjjjjjj
355:15:12,8,10,9,10,9,11,10,16,11,10,11,11,13,10::jjjjjjjjjjjjjjj
356:15:11,13,12,11,9,10,10,11,11,10,11,9,9,10,10::jjjjjjjjjjjjjjj
357:15:11,9,10,6,9,9,9,7,9,8,9,11,9,8,10::jjjjjjjjjjjjjjj
358:15:8,9,9,7,8,10,10,8,8,7,7,7,9,7,7::jjjjjjjjjjjjjjj
359:15:9,10,7,8,10,8,8,11,10,10,0,0,9,10,11:11,b,25;12,m,25:jjjjjjjjjj--jjj
360:15:9,9,12,9,7,9,9,8,10,9,8,7,11,10,8::jjjjjjjjjjjjjjj
361:15:11,9,10,9,9,9,8,10,10,9,7,8,8,6,7::jjjjjjjjjjjjjjj
362:15:10,10,9,10,8,9,9,9,10,10,7,9,9,10,8::jjjjjjjjjjjjjjj
363:15:9,8,8,9,8,7,8,9,10,8,9,10,8,9,9::jjjjjjjjjjjjjjj
364:15:10,12,10,10,9,9,10,9,9,9,9,10,10,10,11::jjjjjjjjjjjjjjj
365:15:10,12,10,9,10,10,9,10,11,8,8,7,9,9,9::jjjjjjjjjjjjjjj
366:15:10,11,9,9,8,10,9,8,9,8,7,7,10,8,0:15,b,26:jjjjjjjjjjjjjj-
367:15:0,10,12,11,11,13,12,12,11,9,11,9,11,12,8:1,m,26:-jjjjjjjjjjjjjj
368:15:11,11,11,10,11,10,11,9,11,11,11,9,9,8,10::jjjjjjjjjjjjjjj
369:15:11,12,12,9,10,10,12,8,10,13,11,10,10,10,8::jjjjjjjjjjjjjjj
370:15:10,11,9,10,11,10,11,10,11,10,9,10,9,10,8::jjjjjjjjjjjjjjj
371:15:11,12,14,9,13,10,11,10,12,14,10,12,11,12,9::jjjjjjjjjjjjjjj
372:15:12,13,11,11,10,12,10,13,10,12,8,9,10,9,11::jjjjjjjjjjjjjjj
373:15:11,11,11,11,11,11,9,9,10,11,11,11,8,10,9::jjjjjjjjjjjjjjj
374:15:12,11,11,10,12,10,10,11,12,10,12,10,13,8,10::jjjjjjjjjjjjjjj
375:15:9,11,9,10,10,12,11,10,13,10,9,10,9,8,10::jjjjjjjjjjjjjjj
376:15:12,11,9,11,8,10,10,11,11,9,10,10,8,10,0:15,b,27:jjjjjjjjjjjjjj-
377:15:0,9,8,11,9,10,12,10,12,11,12,13,11,13,10:1,m,27:-jjjjjjjjjjjjjj
378:15:8,9,11,9,11,9,11,8,10,9,7,10,7,9,11::jjjjjjjjjjjjjjj
379:15:9,8,9,10,10,11,9,11,12,10,11,11,10,8,9::jjjjjjjjjjjjjjj
380:15:11,9,12,10,13,12,12,11,12,12,11,13,11,10,9::jjjjjjjjjjjjjjj
381:15:10,8,7,9,11,8,9,7,8,7,9,7,7,7,10::jjjjjjjjjjjjjjj
382:15:10,8,8,10,9,8,9,11,9,9,9,6,9,9,9::jjjjjjjjjjjjjjj
383:15:10,10,12,10,11,9,11,9,11,10,10,10,11,11,10::jjjjjjjjjjjjjjj
384:15:9,10,11,11,10,10,11,10,10,11,10,10,12,10,11::jjjjjjjjjjjjjjj
385:15:12,9,11,10,9,11,10,0,0,9,9,8,8,9,7:8,b,28;9,m,28:jjjjjjj--jjjjjj
386:15:8,9,10,9,8,6,10,10,10,8,9,10,9,9,9::jjjjjjjjjjjjjjj
387:15:9,9,10,10,11,12,10,9,9,12,11,12,10,9,11::jjjjjjjjjjjjjjj
388:15:10,10,7,10,10,11,8,10,9,8,11,8,10,8,10::jjjjjjjjjjjjjjj
389:15:10,10,8,10,9,9,10,10,8,8,10,9,9,8,8::jjjjjjjjjjjjjjj
390:15:10,9,10,10,9,10,8,9,7,7,7,8,8,8,7::jjjjjjjjjjjjjjj
391:15:11,8,9,8,9,9,8,8,9,10,10,11,9,9,10::jjjjjjjjjjjjjjj
392:15:9,11,13,8,8,9,10,10,9,11,8,8,10,10,7::jjjjjjjjjjjjjjj
393:15:10,10,11,9,10,10,8,10,8,10,8,9,9,11,9::jjjjjjjjjjjjjjj
394:15:11,9,9,9,9,8,8,8,10,10,9,13,9,8,11::jjjjjjjjjjjjjjj
395:15:12,11,9,9,10,9,8,11,9,8,11,9,10,11,9::jjjjjjjjjjjjjjj
396:15:10,12,9,9,11,11,11,0,0,11,10,8,10,11,10:8,b,29;9,m,29:jjjjjjj--jjjjjj
397:15:7,8,11,9,7,12,10,10,7,8,8,7,8,10,8::jjjjjjjjjjjjjjj
398:15:6,9,9,9,10,8,10,9,11,9,11,9,11,8,9::jjjjjjjjjjjjjjj
399:15:10,10,10,8,6,10,10,8,9,8,8,6,8,9,8::jjjjjjjjjjjjjjj
400:15:8,8,10,8,9,10,8,8,8,8,9,6,7,6,7::jjjjjjjjjjjjjjj
401:15:6,7,9,8,8,7,7,7,10,8,7,9,9,7,9::jjjjjjjjjjjjjjj
402:15:10,9,8,7,10,10,9,9,8,11,8,8,8,7,7::jjjjjjjjjjjjjjj
403:15:7,8,8,10,9,10,8,10,10,9,8,11,11,11,10::jjjjjjjjjjjjjjj
404:15:10,9,11,8,9,8,11,9,9,0,0,11,8,8,9:10,b,30;11,m,30:jjjjjjjjj--jjjj
405:15:11,11,10,10,9,10,7,8,9,9,10,9,6,8,7::jjjjjjjjjjjjjjj
406:15:8,8,8,9,9,11,9,7,10,6,9,8,7,9,9::jjjjjjjjjjjjjjj
407:15:10,11,9,10,9,10,7,7,10,10,10,7,9,8,9::jjjjjjjjjjjjjjj
408:15:11,10,8,10,10,12,11,8,10,12,9,9,9,10,9::jjjjjjjjjjjjjjj
409:15:11,9,13,9,10,9,9,10,9,9,10,11,11,10,11::jjjjjjjjjjjjjjj
410:15:9,11,11,10,12,10,9,9,11,9,8,10,9,10,9::jjjjjjjjjjjjjjj
411:15:0,0,9,8,10,9,10,9,11,9,10,10,12,10,10:1,b,31;2,m,31:--jjjjjjjjjjjjj
412:15:10,11,10,8,10,11,9,9,11,11,11,10,12,12,9::jjjjjjjjjjjjjjj
413:15:13,10,12,12,9,9,10,10,9,9,11,11,9,11,10::jjjjjjjjjjjjjjj
414:15:12,10,12,12,10,10,10,9,10,12,8,9,10,11,0:15,b,32:jjjjjjjjjjjjjj-
415:15:0,10,11,10,9,13,10,11,8,11,11,8,10,11,10:1,m,32:-jjjjjjjjjjjjjj
416:15:8,8,10,8,8,9,9,7,8,12,10,9,10,10,9::jjjjjjjjjjjjjjj
417:15:7,10,9,9,8,9,9,10,9,10,9,8,11,7,0:15,b,33:jjjjjjjjjjjjjj-
418:15:0,10,9,11,11,8,8,8,9,8,9,8,8,8,7:1,m,33:-jjjjjjjjjjjjjj
419:15:9,9,8,10,9,10,7,8,9,11,9,12,10,10,11::jjjjjjjjjjjjjjj
420:15:11,13,13,11,10,9,9,9,10,9,8,12,11,10,9::jjjjjjjjjjjjjjj
421:15:10,10,7,12,9,9,8,7,9,10,6,9,9,8,9::jjjjjjjjjjjjjjj
422:15:9,9,9,10,8,7,8,8,9,5,5,4,4,5,8::jjjjjjjjjjjjjjj
423:15:12,11,10,10,10,10,10,14,11,10,11,10,10,8,8::jjjjjjjjjjjjjjj
424:15:10,8,10,9,9,8,10,8,8,9,8,10,9,7,8::jjjjjjjjjjjjjjj
425:15:11,10,8,11,11,11,10,10,8,8,8,8,9,11,11::jjjjjjjjjjjjjjj
426:15:11,9,10,9,9,10,6,9,8,10,10,7,9,9,10::jjjjjjjjjjjjjjj
427:15:11,10,11,10,9,8,10,11,10,9,10,8,9,5,8::jjjjjjjjjjjjjjj
428:15:0,0,12,11,11,9,10,10,9,7,8,10,10,10,10:1,b,34;2,m,34:--jjjjjjjjjjjjj
429:15:12,11,9,10,11,10,9,8,11,11,9,9,10,9,11::jjjjjjjjjjjjjjj
430:15:10,10,8,9,10,9,9,8,10,9,10,11,11,9,12::jjjjjjjjjjjjjjj
431:15:12,10,10,11,10,10,11,8,8,8,10,9,9,8,8::jjjjjjjjjjjjjjj
432:15:7,11,8,9,9,11,11,9,11,10,10,10,8,11,9::jjjjjjjjjjjjjjj
433:15:9,10,9,10,11,12,11,11,9,10,10,8,12,14,12::jjjjjjjjjjjjjjj
434:15:12,11,11,10,9,10,11,0,0,9,13,12,12,11,10:8,b,35;9,m,35:jjjjjjj--jjjjjj
435:15:11,11,10,10,9,11,11,11,11,11,8,9,11,12,13::jjjjjjjjjjjjjjj
436:15:9,8,9,8,8,8,9,9,8,11,9,12,12,8,9::jjjjjjjjjjjjjjj
437:15:9,11,13,11,11,7,10,12,8,7,9,10,7,7,7::jjjjjjjjjjjjjjj
438:15:10,10,8,8,7,10,10,10,10,10,8,9,9,9,8::jjjjjjjjjjjjjjj
439:15:11,10,10,12,11,10,11,10,10,10,10,11,11,11,10::jjjjjjjjjjjjjjj
440:15:9,8,9,0,0,10,10,10,11,9,9,10,8,8,10:4,b,36;5,m,36:jjj--jjjjjjjjjj
441:15:9,9,11,12,9,9,9,10,8,10,9,9,10,9,10::jjjjjjjjjjjjjjj
442:15:12,11,11,9,11,9,8,9,8,8,10,8,9,10,10::jjjjjjjjjjjjjjj
443:15:10,12,12,11,11,11,12,10,9,9,10,12,6,10,9::jjjjjjjjjjjjjjj
444:15:10,10,11,11,9,9,9,9,8,8,7,7,9,12,10::jjjjjjjjjjjjjjj
445:15:11,9,8,9,9,11,10,10,10,10,8,10,11,9,0:15,b,37:jjjjjjjjjjjjjj-
446:15:0,9,10,10,11,12,9,11,11,13,10,12,11,11,10:1,m,37:-jjjjjjjjjjjjjj
447:15:12,11,12,12,10,11,10,10,10,11,11,10,11,10,11::jjjjjjjjjjjjjjj
448:15:11,11,11,10,11,10,9,9,11,11,10,9,8,9,8::jjjjjjjjjjjjjjj
449:15:11,12,10,11,10,11,11,12,10,11,9,12,10,11,11::jjjjjjjjjjjjjjj
450:15:10,10,10,9,10,8,9,7,8,7,8,8,8,10,8::jjjjjjjjjjjjjjj
451:15:9,12,10,10,10,9,10,10,11,9,10,8,8,9,9::jjjjjjjjjjjjjjj
452:15:12,11,10,11,14,11,13,10,10,11,9,10,9,9,0:15,b,38:jjjjjjjjjjjjjj-
453:15:0,12,12,10,11,11,12,14,11,9,10,10,9,11,12:1,m,38:-jjjjjjjjjjjjjj
454:15:12,9,9,10,11,10,12,10,11,9,11,10,10,11,11::jjjjjjjjjjjjjjj
455:15:11,11,8,9,9,10,10,9,11,13,10,10,12,11,10::jjjjjjjjjjjjjjj
456:15:10,11,10,8,9,10,10,9,10,12,10,9,11,12,12::jjjjjjjjjjjjjjj
457:15:12,11,14,11,13,15,11,9,10,11,13,12,12,9,8::jjjjjjjjjjjjjjj
458:15:10,13,12,0,0,10,9,8,11,12,10,9,8,7,9:4,b,39;5,m,39:jjj--jjjjjjjjjj
459:15:10,8,11,11,10,10,9,12,12,10,10,10,10,9,10::jjjjjjjjjjjjjjj
460:15:13,12,13,10,11,11,10,8,9,11,11,12,11,10,9::jjjjjjjjjjjjjjj
461:15:11,10,9,8,11,11,9,9,10,10,10,11,8,11,9::jjjjjjjjjjjjjjj
462:15:9,9,8,9,8,8,7,13,10,8,11,9,8,7,9::jjjjjjjjjjjjjjj
463:15:8,9,8,9,9,9,9,9,8,9,9,8,10,11,11::jjjjjjjjjjjjjjj
464:15:10,10,11,11,9,8,10,10,10,11,10,9,8,9,11::jjjjjjjjjjjjjjj
465:15:10,10,9,7,9,8,9,11,7,9,10,9,10,6,7::jjjjjjjjjjjjjjj
466:15:10,12,8,8,11,9,9,7,9,9,7,9,7,8,9::jjjjjjjjjjjjjjj
467:15:8,10,0,0,10,11,11,9,8,7,9,9,8,8,9:3,b,40;4,m,40:jj--jjjjjjjjjjj
468:15:8,7,7,9,8,7,8,10,9,8,10,9,10,12,11::jjjjjjjjjjjjjjj
469:15:10,9,9,9,9,11,9,10,11,8,8,7,8,8,8::jjjjjjjjjjjjjjj
470:15:9,10,9,10,8,9,8,11,9,12,10,10,11,10,14::jjjjjjjjjjjjjjj
471:15:10,10,9,9,9,10,9,8,8,9,7,9,10,9,8::jjjjjjjjjjjjjjj
472:15:9,9,11,11,9,8,9,9,8,8,7,9,9,10,9::jjjjjjjjjjjjjjj
473:15:7,9,9,9,9,7,8,7,7,9,8,7,8,7,7::jjjjjjjjjjjjjjj
474:15:9,8,7,8,9,7,11,8,8,6,7,9,10,11,9::jjjjjjjjjjjjjjj
475:15:12,7,9,8,12,9,7,8,11,12,10,10,8,9,9::jjjjjjjjjjjjjjj
476:15:9,10,11,8,7,8,7,9,9,10,8,10,10,10,10::jjjjjjjjjjjjjjj
477:15:0,0,9,9,9,10,11,8,8,9,10,10,11,11,11:1,b,41;2,m,41:--jjjjjjjjjjjjj
478:15:10,8,9,10,11,10,12,9,9,9,9,8,9,12,8::jjjjjjjjjjjjjjj
479:15:9,10,9,11,8,9,9,10,11,10,9,9,12,10,8::jjjjjjjjjjjjjjj
480:15:9,7,8,8,10,10,9,10,10,10,9,7,8,7,9::jjjjjjjjjjjjjjj
481:15:10,11,11,13,11,12,13,11,9,8,9,9,8,10,9::jjjjjjjjjjjjjjj
482:15:11,11,9,12,10,10,10,10,9,9,10,10,10,11,11::jjjjjjjjjjjjjjj
483:15:0,0,11,12,8,7,10,10,10,12,10,12,12,11,10:1,b,42;2,m,42:--jjjjjjjjjjjjj
484:15:8,8,8,10,11,10,10,10,11,10,9,8,9,8,10::jjjjjjjjjjjjjjj
485:15:10,8,9,9,8,10,9,11,11,9,10,8,7,6,10::jjjjjjjjjjjjjjj
486:15:11,11,13,12,10,9,8,10,11,11,9,10,9,9,12::jjjjjjjjjjjjjjj
487:15:11,11,11,13,11,9,9,10,10,11,12,9,11,12,10::jjjjjjjjjjjjjjj
488:15:7,9,8,10,12,13,10,10,9,9,9,9,11,12,9::jjjjjjjjjjjjjjj
489:15:11,11,10,12,0,0,9,8,7,10,10,8,8,8,8:5,b,43;6,m,43:jjjj--jjjjjjjjj
490:15:10,8,10,9,12,9,9,9,9,9,8,9,12,9,10::jjjjjjjjjjjjjjj
491:15:12,10,10,10,9,10,10,9,11,11,9,8,9,9,8::jjjjjjjjjjjjjjj
492:15:8,9,10,9,10,8,9,10,10,8,10,10,9,8,11::jjjjjjjjjjjjjjj
493:15:10,9,10,9,10,12,12,6,8,6,9,8,13,10,10::jjjjjjjjjjjjjjj
494:15:9,9,9,9,10,8,10,8,9,9,7,8,8,8,9::jjjjjjjjjjjjjjj
495:15:11,10,10,10,11,11,8,9,10,10,8,10,9,10,10::jjjjjjjjjjjjjjj
496:15:0,0,9,11,12,8,11,9,9,9,11,11,9,9,12:1,b,44;2,m,44:--jjjjjjjjjjjjj
497:15:12,12,10,10,10,9,10,10,10,9,11,10,11,9,9::jjjjjjjjjjjjjjj
498:15:10,11,9,9,9,9,10,10,7,8,7,8,10,7,0:15,b,45:jjjjjjjjjjjjjj-
499:15:0,12,11,11,11,11,11,12,11,11,12,11,12,11,10:1,m,45:-jjjjjjjjjjjjjj
500:15:10,9,10,8,8,11,9,10,11,9,8,9,7,8,9::jjjjjjjjjjjjjjj
501:15:12,11,12,14,12,12,12,8,14,10,9,10,10,13,12::jjjjjjjjjjjjjjj
502:15:12,11,11,10,10,8,0,0,11,9,10,12,11,10,11:7,b,46;8,m,46:jjjjjj--jjjjjjj
503:15:11,11,11,13,11,15,13,9,10,12,9,8,9,10,10::jjjjjjjjjjjjjjj
504:15:8,10,10,10,10,10,9,10,11,10,12,9,11,9,11::jjjjjjjjjjjjjjj
505:15:11,12,10,12,9,9,12,10,9,9,9,10,9,10,9::jjjjjjjjjjjjjjj
506:15:9,9,10,10,10,11,10,11,10,12,10,10,11,10,0:15,b,47:jjjjjjjjjjjjjj-
507:15:0,10,11,11,11,11,12,10,11,10,10,11,10,11,12:1,m,47:-jjjjjjjjjjjjjj
508:15:10,9,12,11,12,13,11,13,10,12,10,9,11,10,7::jjjjjjjjjjjjjjj
509:15:9,9,9,10,10,9,7,10,10,9,8,7,8,7,10::jjjjjjjjjjjjjjj
510:15:7,9,8,11,9,10,11,12,9,9,7,7,9,9,9::jjjjjjjjjjjjjjj
511:15:0,0,13,9,11,8,9,9,9,5,9,9,9,7,6:1,b,48;2,m,48:--jjjjjjjjjjjjj
512:15:10,11,8,8,11,14,10,9,10,8,9,7,7,10,10::jjjjjjjjjjjjjjj
513:15:10,9,11,11,10,11,9,8,9,8,7,10,11,10,12::jjjjjjjjjjjjjjj
514:15:10,11,7,9,9,10,9,8,7,10,8,8,10,9,9::jjjjjjjjjjjjjjj
515:15:10,9,10,8,10,8,0,0,11,11,9,10,9,9,8:7,b,49;8,m,49:jjjjjj--jjjjjjj
516:15:11,10,10,12,10,7,10,8,12,8,9,11,13,9,10::jjjjjjjjjjjjjjj
517:15:11,9,10,10,10,11,10,11,9,8,7,11,12,11,9::jjjjjjjjjjjjjjj
518:15:0,0,10,11,11,11,9,10,11,10,9,10,10,11,12:1,b,50;2,m,50:--jjjjjjjjjjjjj
519:15:11,12,12,12,11,11,13,12,12,12,12,11,11,10,12::jjjjjjjjjjjjjjj
520:15:11,11,10,9,10,9,10,10,9,11,10,0,0,9,11:12,b,51;13,m,51:jjjjjjjjjjj--jj
521:15:12,11,12,11,11,11,10,10,11,9,12,10,10,10,10::jjjjjjjjjjjjjjj
522:15:12,11,11,11,10,11,12,12,13,9,11,9,9,12,12::jjjjjjjjjjjjjjj
523:15:13,12,9,11,12,10,9,0,0,10,9,12,9,11,10:8,b,52;9,m,52:jjjjjjj--jjjjjj
524:15:9,11,10,9,8,9,12,9,12,10,11,9,10,11,9::jjjjjjjjjjjjjjj
525:15:12,10,12,9,11,10,12,10,13,10,11,11,10,11,0:15,b,53:jjjjjjjjjjjjjj-
526:15:0,12,13,12,12,13,11,14,10,11,11,11,12,11,12:1,m,53:-jjjjjjjjjjjjjj
527:15:10,14,13,13,11,10,9,11,11,10,13,11,11,11,11::jjjjjjjjjjjjjjj
528:15:12,12,11,11,11,12,10,10,0,0,9,7,8,9,10:9,b,54;10,m,54:jjjjjjjj--jjjjj
529:15:9,11,10,10,11,11,11,10,11,11,11,11,12,11,10::jjjjjjjjjjjjjjj
530:15:11,11,9,12,11,9,9,9,11,11,11,11,9,11,12::jjjjjjjjjjjjjjj
531:15:9,8,10,11,0,0,8,8,7,9,8,9,8,7,10:5,b,55;6,m,55:jjjj--jjjjjjjjj
532:15:10,11,9,10,12,10,13,10,9,9,10,10,8,11,9::jjjjjjjjjjjjjjj
533:15:8,10,11,11,11,11,10,10,9,10,9,8,9,9,8::jjjjjjjjjjjjjjj
534:15:10,10,9,11,9,11,0,0,10,10,9,9,8,11,9:7,b,56;8,m,56:jjjjjj--jjjjjjj
535:15:10,10,11,12,11,11,10,10,10,10,12,11,10,9,9::jjjjjjjjjjjjjjj
536:15:12,10,11,10,10,11,9,10,10,10,10,10,8,9,9::jjjjjjjjjjjjjjj
537:15:11,9,9,10,11,11,11,12,9,12,0,0,12,10,10:11,b,57;12,m,57:jjjjjjjjjj--jjj
538:15:10,13,12,10,12,8,10,10,11,10,12,10,10,11,11::jjjjjjjjjjjjjjj
539:15:9,10,9,10,11,10,8,11,9,11,11,9,11,7,9::jjjjjjjjjjjjjjj
540:15:8,8,8,9,9,9,10,9,8,11,10,11,9,9,10::jjjjjjjjjjjjjjj
541:15:7,7,9,10,7,8,7,8,9,8,9,8,11,10,11::jjjjjjjjjjjjjjj
542:15:0,0,11,10,10,8,10,10,11,10,8,10,10,9,10:1,b,58;2,m,58:--jjjjjjjjjjjjj
543:15:13,11,14,14,10,9,11,9,8,10,8,10,9,10,10::jjjjjjjjjjjjjjj
544:15:10,12,11,9,13,11,12,10,11,10,12,9,10,10,10::jjjjjjjjjjjjjjj
545:15:9,8,8,7,9,11,0,0,11,11,9,10,8,9,10:7,b,59;8,m,59:jjjjjj--jjjjjjj
546:15:11,9,10,10,11,12,9,9,10,7,9,9,9,9,8::jjjjjjjjjjjjjjj
547:15:8,8,12,8,8,9,10,8,10,9,9,9,10,10,10::jjjjjjjjjjjjjjj
548:15:9,8,11,9,8,9,8,7,11,11,6,6,9,10,0:15,b,60:jjjjjjjjjjjjjj-
549:15:0,9,10,11,9,11,8,10,10,11,12,9,12,11,11:1,m,60:-jjjjjjjjjjjjjj
550:15:12,13,11,12,10,10,10,9,8,13,10,10,11,9,11::jjjjjjjjjjjjjjj
551:15:10,11,7,10,10,11,0,0,11,10,11,8,9,8,10:7,b,61;8,m,61:jjjjjj--jjjjjjj
552:15:12,13,11,12,11,10,12,11,12,10,11,11,12,10,10::jjjjjjjjjjjjjjj
553:15:0,0,11,10,8,11,11,10,8,10,10,10,10,8,9:1,b,62;2,m,62:--jjjjjjjjjjjjj
554:15:9,11,8,9,11,12,0,0,10,8,11,10,9,9,10:7,b,63;8,m,63:jjjjjj--jjjjjjj
555:15:10,7,11,9,10,7,8,7,9,8,9,10,9,11,0:15,b,64:jjjjjjjjjjjjjj-
556:15:0,12,11,9,8,11,11,11,8,14,12,10,10,9,8:1,m,64:-jjjjjjjjjjjjjj
557:15:6,9,11,8,10,8,7,6,8,10,6,9,9,8,0:15,b,65:jjjjjjjjjjjjjj-
558:15:0,8,8,9,11,10,8,9,11,12,11,9,9,13,11:1,m,65:-jjjjjjjjjjjjjj
559:15:9,10,9,10,12,12,9,11,11,12,9,10,13,10,13::jjjjjjjjjjjjjjj
560:15:0,0,12,11,11,11,11,11,8,11,8,9,8,10,11:1,b,66;2,m,66:--jjjjjjjjjjjjj
561:15:10,7,10,8,11,7,8,8,8,9,8,11,8,8,8::jjjjjjjjjjjjjjj
562:15:0,0,12,10,11,12,10,8,9,12,12,14,15,8,10:1,b,67;2,m,67:--jjjjjjjjjjjjj
563:15:11,11,10,11,11,10,11,11,12,12,11,11,10,11,12::jjjjjjjjjjjjjjj
564:15:10,11,11,11,12,0,0,11,11,9,11,10,10,12,9:6,b,68;7,m,68:jjjjj--jjjjjjjj
565:15:12,11,10,11,13,13,12,12,13,12,11,14,12,12,10::jjjjjjjjjjjjjjj
566:15:11,9,13,11,12,12,10,13,0,0,12,9,8,9,11:9,b,69;10,m,69:jjjjjjjj--jjjjj
567:15:9,12,12,10,9,10,11,11,11,10,12,12,12,11,12::jjjjjjjjjjjjjjj
568:15:14,12,13,13,11,12,11,11,0,0,11,9,11,11,10:9,b,70;10,m,70:jjjjjjjj--jjjjj
569:15:10,10,12,12,12,10,9,12,11,12,10,11,11,11,11::jjjjjjjjjjjjjjj
570:15:13,11,11,11,0,0,12,12,9,13,13,9,7,11,10:5,b,71;6,m,71:jjjj--jjjjjjjjj
571:15:9,13,11,10,10,10,12,10,11,11,10,12,11,9,9::jjjjjjjjjjjjjjj
572:15:0,0,12,12,12,12,12,12,9,10,12,12,12,11,11:1,b,72;2,m,72:--jjjjjjjjjjjjj
573:15:8,9,9,11,13,12,14,13,11,10,10,11,11,12,10::jjjjjjjjjjjjjjj
574:15:0,0,13,12,14,11,11,9,10,10,10,10,10,10,10:1,b,73;2,m,73:--jjjjjjjjjjjjj
575:15:13,12,11,9,11,11,13,0,0,12,10,12,11,11,12:8,b,74;9,m,74:jjjjjjj--jjjjjj
576:15:15,14,13,14,12,10,11,12,15,12,14,12,13,10,11::jjjjjjjjjjjjjjj
577:15:10,11,12,10,12,0,0,11,13,13,11,14,13,12,12:6,b,75;7,m,75:jjjjj--jjjjjjjj
578:15:12,14,14,12,13,13,15,12,0,0,12,9,10,8,8:9,b,76;10,m,76:jjjjjjjj--jjjjj
579:15:11,10,13,13,10,12,10,12,11,11,12,9,12,11,11::jjjjjjjjjjjjjjj
580:15:9,9,8,11,12,11,0,0,9,11,10,12,12,9,9:7,b,77;8,m,77:jjjjjj--jjjjjjj
581:15:13,10,11,9,12,12,10,12,10,11,10,11,10,10,8::jjjjjjjjjjjjjjj
582:15:0,0,12,12,9,10,9,11,12,9,10,12,10,10,9:1,b,78;2,m,78:--jjjjjjjjjjjjj
583:15:11,13,10,10,12,11,11,0,0,8,10,9,10,12,11:8,b,79;9,m,79:jjjjjjj--jjjjjj
584:15:13,13,11,12,14,10,10,10,10,13,12,11,13,13,0:15,b,80:jjjjjjjjjjjjjj-
585:15:0,13,12,14,14,12,14,14,13,13,11,12,11,10,12:1,m,80:-jjjjjjjjjjjjjj
586:15:0,0,10,9,10,10,11,11,11,13,11,13,13,11,0:1,b,81;2,m,81;15,b,82:--jjjjjjjjjjjj-
587:15:0,10,10,10,11,10,12,12,13,11,0,0,10,10,11:1,m,82;11,b,83;12,m,83:-jjjjjjjjj--jjj
588:15:13,11,14,13,12,12,11,12,9,8,10,10,9,10,9::jjjjjjjjjjjjjjj
589:15:11,0,0,11,11,11,9,12,12,15,10,12,9,10,10:2,b,84;3,m,84:j--jjjjjjjjjjjj
590:15:0,0,9,12,11,11,10,10,9,11,12,12,12,12,0:1,b,85;2,m,85;15,b,86:--jjjjjjjjjjjj-
591:15:0,13,13,13,15,13,11,0,0,12,10,14,11,11,14:1,m,86;8,b,87;9,m,87:-jjjjjj--jjjjjj
592:15:10,9,0,0,9,12,14,11,13,9,10,10,9,10,11:3,b,88;4,m,88:jj--jjjjjjjjjjj
593:15:0,0,11,14,12,10,10,10,10,12,10,7,10,10,8:1,b,89;2,m,89:--jjjjjjjjjjjjj
594:15:11,10,12,0,0,13,12,12,10,11,13,12,9,10,0:4,b,90;5,m,90;15,b,91:jjj--jjjjjjjjj-
595:15:0,11,11,10,11,10,7,9,0,0,13,12,10,13,11:1,m,91;9,b,92;10,m,92:-jjjjjjj--jjjjj
596:15:10,11,12,0,0,12,9,9,10,11,0,0,10,13,12:4,b,93;5,m,93;11,b,94;12,m,94:jjj--jjjjj--jjj
597:15:0,0,10,11,11,10,0,0,13,14,13,15,15,11,10:1,b,95;2,m,95;7,b,96;8,m,96:--jjjj--jjjjjjj
598:15:0,0,12,10,13,0,0,9,11,11,11,9,9,11,9:1,b,97;2,m,97;6,b,98;7,m,98:--jjj--jjjjjjjj
599:15:10,12,0,0,8,10,9,8,9,0,0,8,11,10,12:3,b,99;4,m,99;10,b,100;11,m,100:jj--jjjjj--jjjj
600:15:11,0,0,9,7,6,8,8,9,0,0,9,10,8,9:2,b,101;3,m,101;10,b,102;11,m,102:j--jjjjjc--jjjj
601:15:0,0,10,7,0,0,10,10,11,11,0,0,11,9,8:1,b,103;2,m,103;5,b,104;6,m,104;11,b,105;12,m,105:--jj--jjjj--jjj
602:15:0,0,7,8,6,0,0,7,9,8,8,0,0,8,5:1,b,106;2,m,106;6,b,107;7,m,107;12,b,108;13,m,108:--jjc--jjjj--jc
603:15:0,0,9,12,11,0,0,8,9,5,0,0,11,8,9:1,b,109;2,m,109;6,b,110;7,m,110;11,b,111;12,m,111:--jjj--jjc--jjj
604:15:0,0,10,9,0,0,11,9,8,0,0,9,8,5,4:1,b,112;2,m,112;5,b,113;6,m,113;10,b,114;11,m,114:--jj--jjc--jjcc
